1111111
1111112
1111113
1111114
1111115
1111116
1111117
1111118
1111119
1111120
1111121
1111122
1111123
1111124
1111125
1111126
1111127
1111128
1111129
1111130
1111131
1111132
1111133
1111134
1111135
1111136
1111137
1111138
1111139
1111140
1111141
1111142
1111143
1111144
1111145
1111146
1111147
1111148
1111149
1111150
1111151
1111152
1111153
1111154
1111155
1111156
1111157
1111158
1111159
1111160
1111161
1111162
1111163
1111164
1111165
1111166
1111167
1111168
1111169
1111170
1111171
1111172
1111173
1111174
1111175
1111176
1111177
1111178
1111179
1111180
1111181
1111182
1111183
1111184
1111185
1111186
1111187
1111188
1111189
1111190
1111191
1111192
1111193
1111194
1111195
1111196
1111197
1111198
1111199
1111200
1111201
1111202
1111203
1111204
1111205
1111206
1111207
1111208
1111209
1111210
1111211
1111212
1111213
1111214
1111215
1111216
1111217
1111218
1111219
1111220
1111221
